0.3500   0.15000     0.895302873728858    2.984730838215565
0.2500   0.15000     1.837067320446946    6.312238869062647
0.1500   0.15000     3.399214620373811    11.181304292731543
0.0500   0.15000     6.748207771678341    38.402056698964323
0.0000   0.15000     16.747740917915067   NaN
0.3000   0.1000      1.654443796558647    5.946991821286050
0.2000   0.1000      4.164622036670355    14.597438445465594
0.1000   0.1000      8.415095033835259    33.937627710577338
0.0000   0.1000      26.158223678276791   NaN
0.3500   0.05000     1.589093221833913    5.383007409278071
0.2500   0.05000     4.204011424175675    17.777236273167727
0.1500   0.05000     13.254618416875163   50.289594805399183
0.0500   0.05000     21.782420811776781   129.982382648831560
0.0000   0.05000     61.830685344457727   NaN
